ABR Group Header  ==================================
    Group Number: 0
         Records: 10
  SigGen File #1: ClickA
  SigGen File #2: 
      Subject ID: 19001
    Reference #1: IZQ
    Reference #2: ABR1
            Memo: 
      Start Time: Thu Feb 07 09:20
        End Time: Thu Feb 07 09:24
----------------------------------------------------

   Record Number: 0
   Aqu. Duration: 9.99424 ms
     Onset Delay: 0 ms
      No. Points: 244
    No. Averages: 500
   No. Artifacts: 0
      Start Time: Thu Feb 07 09:20

    SigGen Index: 1
       Variables: 
                  Level = 0 dB
                  Duration = 0.1 ms
                  Phase = 1 
                  Atten-A = 90 dB
-1.61918e-006
-1.40697e-006
-8.83525e-007
-1.7494e-007
5.27292e-007
1.05527e-006
1.33403e-006
1.3992e-006
1.36319e-006
1.35365e-006
1.45419e-006
1.66915e-006
1.92198e-006
2.08535e-006
2.03292e-006
1.69411e-006
1.08977e-006
3.30887e-007
-4.21342e-007
-1.01708e-006
-1.37169e-006
-1.48687e-006
-1.43231e-006
-1.30211e-006
-1.17105e-006
-1.07147e-006
-9.97436e-007
-9.27672e-007
-8.51021e-007
-7.79141e-007
-7.40953e-007
-7.64651e-007
-8.59137e-007
-1.00386e-006
-1.14858e-006
-1.22086e-006
-1.14157e-006
-8.51056e-007
-3.41532e-007
3.2039e-007
1.00144e-006
1.54627e-006
1.84136e-006
1.86449e-006
1.69054e-006
1.44888e-006
1.25625e-006
1.1631e-006
1.1422e-006
1.12085e-006
1.03174e-006
8.49279e-007
5.93057e-007
3.03572e-007
1.19728e-008
-2.75137e-007
-5.68811e-007
-8.77513e-007
-1.18837e-006
-1.45981e-006
-1.62764e-006
-1.62299e-006
-1.40005e-006
-9.66732e-007
-4.04299e-007
1.41246e-007
5.03127e-007
5.6063e-007
2.98465e-007
-1.73685e-007
-6.55654e-007
-9.3164e-007
-8.51917e-007
-3.87639e-007
3.58877e-007
1.18666e-006
1.85759e-006
2.16898e-006
2.01827e-006
1.43989e-006
5.97964e-007
-2.68303e-007
-9.29709e-007
-1.24856e-006
-1.22115e-006
-9.62642e-007
-6.43681e-007
-4.10727e-007
-3.2872e-007
-3.70229e-007
-4.49458e-007
-4.76851e-007
-4.03405e-007
-2.35012e-007
-1.673e-008
1.97801e-007
3.73148e-007
5.03586e-007
6.08537e-007
7.18098e-007
8.55685e-007
1.02286e-006
1.19121e-006
1.30713e-006
1.31238e-006
1.17357e-006
9.03307e-007
5.56911e-007
2.02943e-007
-1.1527e-007
-4.0307e-007
-7.08418e-007
-1.09069e-006
-1.58267e-006
-2.16582e-006
-2.76905e-006
-3.28857e-006
-3.61775e-006
-3.6747e-006
-3.41942e-006
-2.85772e-006
-2.03389e-006
-1.01722e-006
1.10796e-007
1.26409e-006
2.35472e-006
3.29508e-006
4.00434e-006
4.41939e-006
4.50716e-006
4.27389e-006
3.769e-006
3.08134e-006
2.32535e-006
1.61697e-006
1.04481e-006
6.48003e-007
4.10668e-007
2.74975e-007
1.66136e-007
1.88287e-008
-2.0428e-007
-5.0754e-007
-8.70368e-007
-1.26122e-006
-1.64795e-006
-1.99954e-006
-2.28253e-006
-2.46055e-006
-2.50401e-006
-2.40885e-006
-2.214e-006
-2.00194e-006
-1.87212e-006
-1.8931e-006
-2.05733e-006
-2.26884e-006
-2.37893e-006
-2.25671e-006
-1.85658e-006
-1.24339e-006
-5.59374e-007
4.83053e-008
4.9718e-007
7.97352e-007
1.02666e-006
1.27477e-006
1.59297e-006
1.97547e-006
2.37383e-006
2.727e-006
2.98749e-006
3.13427e-006
3.17294e-006
3.12621e-006
3.0175e-006
2.85314e-006
2.61381e-006
2.26525e-006
1.786e-006
1.19599e-006
5.64801e-007
-1.01115e-008
-4.45517e-007
-7.10739e-007
-8.39903e-007
-9.11766e-007
-1.01009e-006
-1.18698e-006
-1.4468e-006
-1.75424e-006
-2.05799e-006
-2.31576e-006
-2.50822e-006
-2.63646e-006
-2.70637e-006
-2.71024e-006
-2.61788e-006
-2.38526e-006
-1.97975e-006
-1.41146e-006
-7.53779e-007
-1.37195e-007
2.88694e-007
4.13035e-007
2.16185e-007
-2.09478e-007
-6.83237e-007
-9.96475e-007
-9.84969e-007
-5.8301e-007
1.61323e-007
1.11181e-006
2.09468e-006
2.95011e-006
3.56514e-006
3.88235e-006
3.89139e-006
3.61617e-006
3.1064e-006
2.43459e-006
1.69314e-006
9.85065e-007
4.05608e-007
1.72223e-008
-1.73704e-007
-2.27157e-007
-2.57494e-007
-3.97179e-007
-7.45634e-007
-1.32333e-006
-2.05395e-006
-2.7861e-006
-3.34514e-006
-3.58896e-006
-3.44183e-006
-2.8978e-006
-2.00634e-006
-8.62151e-007
3.89645e-007
1.55066e-006
2.41074e-006
2.85526e-006
2.94635e-006

   Record Number: 1
   Aqu. Duration: 9.99424 ms
     Onset Delay: 0 ms
      No. Points: 244
    No. Averages: 500
   No. Artifacts: 0
      Start Time: Thu Feb 07 09:20

    SigGen Index: 3
       Variables: 
                  Level = 10 dB
                  Duration = 0.1 ms
                  Phase = 1 
                  Atten-A = 80 dB
1.8286e-006
2.00029e-006
1.95442e-006
1.64289e-006
1.07213e-006
3.01372e-007
-5.69148e-007
-1.41534e-006
-2.11099e-006
-2.55383e-006
-2.69172e-006
-2.53945e-006
-2.17643e-006
-1.72175e-006
-1.29317e-006
-9.65322e-007
-7.45245e-007
-5.77445e-007
-3.7776e-007
-8.09852e-008
3.20487e-007
7.66045e-007
1.14964e-006
1.36473e-006
1.34925e-006
1.10958e-006
7.14394e-007
2.65734e-007
-1.36371e-007
-4.20042e-007
-5.52069e-007
-5.35066e-007
-3.97569e-007
-1.82588e-007
6.25914e-008
2.95203e-007
4.85485e-007
6.25113e-007
7.33022e-007
8.53224e-007
1.03948e-006
1.32761e-006
1.70565e-006
2.09819e-006
2.37862e-006
2.41001e-006
2.10009e-006
1.44614e-006
5.47638e-007
-4.22034e-007
-1.2748e-006
-1.8733e-006
-2.17476e-006
-2.23601e-006
-2.18006e-006
-2.14069e-006
-2.20958e-006
-2.40646e-006
-2.68035e-006
-2.93523e-006
-3.06557e-006
-2.9875e-006
-2.6581e-006
-2.08127e-006
-1.30285e-006
-3.98772e-007
5.39838e-007
1.42178e-006
2.16931e-006
2.72879e-006
3.07638e-006
3.21649e-006
3.17205e-006
2.96868e-006
2.61769e-006
2.10564e-006
1.40026e-006
4.81138e-007
-6.08906e-007
-1.71573e-006
-2.56624e-006
-2.82745e-006
-2.22388e-006
-6.6714e-007
1.66331e-006
4.3312e-006
6.74919e-006
8.34248e-006
8.71235e-006
7.74469e-006
5.63068e-006
2.79752e-006
-2.23256e-007
-2.94309e-006
-5.03023e-006
-6.35725e-006
-6.97889e-006
-7.06384e-006
-6.81574e-006
-6.41166e-006
-5.96933e-006
-5.53986e-006
-5.11753e-006
-4.66047e-006
-4.11828e-006
-3.46129e-006
-2.70211e-006
-1.89865e-006
-1.13415e-006
-4.81169e-007
3.33016e-008
4.43946e-007
8.36633e-007
1.31753e-006
1.97613e-006
2.85543e-006
3.93598e-006
5.13538e-006
6.32208e-006
7.34027e-006
8.03982e-006
8.30275e-006
8.0595e-006
7.29394e-006
6.04267e-006
4.39582e-006
2.49934e-006
5.48311e-007
-1.24123e-006
-2.68301e-006
-3.6748e-006
-4.22666e-006
-4.44369e-006
-4.46888e-006
-4.41601e-006
-4.32769e-006
-4.1775e-006
-3.90908e-006
-3.48659e-006
-2.92891e-006
-2.31195e-006
-1.74071e-006
-1.30634e-006
-1.04916e-006
-9.44079e-007
-9.13395e-007
-8.59148e-007
-6.9968e-007
-3.9529e-007
4.4888e-008
5.72509e-007
1.11708e-006
1.60199e-006
1.95708e-006
2.12995e-006
2.09705e-006
1.87112e-006
1.49986e-006
1.05324e-006
6.03632e-007
2.07365e-007
-1.03472e-007
-3.16432e-007
-4.27647e-007
-4.35214e-007
-3.43021e-007
-1.69657e-007
5.01704e-008
2.78669e-007
4.94795e-007
7.0342e-007
9.22305e-007
1.15371e-006
1.36287e-006
1.48384e-006
1.45362e-006
1.25256e-006
9.20859e-007
5.36475e-007
1.67621e-007
-1.67558e-007
-5.05756e-007
-9.03466e-007
-1.38367e-006
-1.89703e-006
-2.322e-006
-2.50733e-006
-2.33796e-006
-1.79262e-006
-9.64795e-007
-3.60721e-008
7.8557e-007
1.33487e-006
1.53731e-006
1.41983e-006
1.08463e-006
6.59759e-007
2.47899e-007
-1.04527e-007
-4.05256e-007
-6.85615e-007
-9.62497e-007
-1.21692e-006
-1.39973e-006
-1.45566e-006
-1.34708e-006
-1.06433e-006
-6.23565e-007
-6.22759e-008
5.59917e-007
1.15933e-006
1.63741e-006
1.90797e-006
1.93279e-006
1.74283e-006
1.42759e-006
1.0958e-006
8.29777e-007
6.58923e-007
5.6262e-007
4.9308e-007
3.99639e-007
2.42279e-007
-4.44187e-009
-3.48501e-007
-7.73561e-007
-1.23177e-006
-1.64452e-006
-1.91683e-006
-1.96369e-006
-1.74007e-006
-1.26315e-006
-6.16734e-007
6.68023e-008
6.43812e-007
1.00399e-006
1.10542e-006
9.84599e-007
7.34619e-007
4.58973e-007
2.22979e-007
3.1206e-008
-1.52753e-007
-3.63581e-007

   Record Number: 2
   Aqu. Duration: 9.99424 ms
     Onset Delay: 0 ms
      No. Points: 244
    No. Averages: 500
   No. Artifacts: 0
      Start Time: Thu Feb 07 09:21

    SigGen Index: 5
       Variables: 
                  Level = 20 dB
                  Duration = 0.1 ms
                  Phase = 1 
                  Atten-A = 70 dB
6.59689e-007
-3.13771e-007
-1.22132e-006
-1.89724e-006
-2.25635e-006
-2.31198e-006
-2.15916e-006
-1.93359e-006
-1.76081e-006
-1.71232e-006
-1.78521e-006
-1.91518e-006
-2.01697e-006
-2.02964e-006
-1.93946e-006
-1.76815e-006
-1.53985e-006
-1.25638e-006
-9.02478e-007
-4.76319e-007
-1.78935e-008
3.92422e-007
6.7057e-007
7.79016e-007
7.5708e-007
7.09562e-007
7.57124e-007
9.74111e-007
1.34679e-006
1.77487e-006
2.11722e-006
2.26e-006
2.17298e-006
1.92517e-006
1.65131e-006
1.48593e-006
1.49872e-006
1.66361e-006
1.87482e-006
1.99902e-006
1.93613e-006
1.66036e-006
1.22476e-006
7.29776e-007
2.72831e-007
-9.55061e-008
-3.87065e-007
-6.57642e-007
-9.68611e-007
-1.35299e-006
-1.80403e-006
-2.28656e-006
-2.75717e-006
-3.17829e-006
-3.5215e-006
-3.76427e-006
-3.88572e-006
-3.86326e-006
-3.66979e-006
-3.27274e-006
-2.63789e-006
-1.74023e-006
-5.8076e-007
7.9581e-007
2.28862e-006
3.73918e-006
4.94382e-006
5.67967e-006
5.74071e-006
4.97893e-006
3.34477e-006
9.21343e-007
-2.05426e-006
-5.19055e-006
-7.97145e-006
-9.82299e-006
-1.02169e-005
-8.7977e-006
-5.5057e-006
-6.56894e-007
5.05832e-006
1.06796e-005
1.51764e-005
1.76974e-005
1.77974e-005
1.55578e-005
1.15516e-005
6.65362e-006
1.76936e-006
-2.41118e-006
-5.54033e-006
-7.5893e-006
-8.71862e-006
-9.12883e-006
-8.96669e-006
-8.31411e-006
-7.2383e-006
-5.85659e-006
-4.37278e-006
-3.06165e-006
-2.20397e-006
-1.99591e-006
-2.47114e-006
-3.47223e-006
-4.68831e-006
-5.74542e-006
-6.31152e-006
-6.17507e-006
-5.27379e-006
-3.67628e-006
-1.5372e-006
9.49378e-007
3.58184e-006
6.16433e-006
8.50866e-006
1.0436e-005
1.17861e-005
1.24357e-005
1.23183e-005
1.14403e-005
9.88533e-006
7.80624e-006
5.40486e-006
2.9023e-006
5.03142e-007
-1.63862e-006
-3.43984e-006
-4.88406e-006
-5.99237e-006
-6.78436e-006
-7.25302e-006
-7.37061e-006
-7.12233e-006
-6.54327e-006
-5.72913e-006
-4.80739e-006
-3.88439e-006
-3.00259e-006
-2.13749e-006
-1.23677e-006
-2.76025e-007
7.04795e-007
1.60635e-006
2.3116e-006
2.73835e-006
2.87244e-006
2.76571e-006
2.5039e-006
2.16641e-006
1.80015e-006
1.41773e-006
1.01403e-006
5.87222e-007
1.52665e-007
-2.55015e-007
-5.90471e-007
-8.12514e-007
-8.99662e-007
-8.60388e-007
-7.3389e-007
-5.80419e-007
-4.62885e-007
-4.23274e-007
-4.60106e-007
-5.16914e-007
-4.9259e-007
-2.7774e-007
1.92718e-007
8.94249e-007
1.70161e-006
2.42572e-006
2.887e-006
2.99022e-006
2.76118e-006
2.32448e-006
1.83556e-006
1.40617e-006
1.06458e-006
7.67396e-007
4.48129e-007
6.74704e-008
-3.65967e-007
-8.13033e-007
-1.24179e-006
-1.6548e-006
-2.08369e-006
-2.55397e-006
-3.04615e-006
-3.48409e-006
-3.76249e-006
-3.79662e-006
-3.56126e-006
-3.09369e-006
-2.46305e-006
-1.73159e-006
-9.36068e-007
-9.87711e-008
7.46302e-007
1.53673e-006
2.1901e-006
2.63383e-006
2.83692e-006
2.82323e-006
2.65796e-006
2.4158e-006
2.14949e-006
1.87524e-006
1.57999e-006
1.24284e-006
8.55837e-007
4.32321e-007
1.57578e-009
-4.02377e-007
-7.48154e-007
-1.00788e-006
-1.15651e-006
-1.17577e-006
-1.06325e-006
-8.40795e-007
-5.55037e-007
-2.66576e-007
-3.08516e-008
1.2115e-007
1.92972e-007
2.18147e-007
2.43316e-007
3.07669e-007
4.27509e-007
5.89148e-007
7.47983e-007
8.32298e-007
7.55342e-007
4.41334e-007
-1.35296e-007
-9.10583e-007
-1.71515e-006
-2.30416e-006
-2.43837e-006
-1.99215e-006
-1.0374e-006
1.55853e-007
1.23597e-006
1.96977e-006
2.36992e-006

   Record Number: 3
   Aqu. Duration: 9.99424 ms
     Onset Delay: 0 ms
      No. Points: 244
    No. Averages: 500
   No. Artifacts: 0
      Start Time: Thu Feb 07 09:21

    SigGen Index: 7
       Variables: 
                  Level = 30 dB
                  Duration = 0.1 ms
                  Phase = 1 
                  Atten-A = 60 dB
6.99604e-007
1.30509e-006
1.70044e-006
1.80686e-006
1.65507e-006
1.3649e-006
1.08619e-006
9.31815e-007
9.33212e-007
1.03494e-006
1.12595e-006
1.09055e-006
8.57004e-007
4.25534e-007
-1.32971e-007
-7.04992e-007
-1.1761e-006
-1.46791e-006
-1.55497e-006
-1.45727e-006
-1.21727e-006
-8.77298e-007
-4.70101e-007
-2.43455e-008
4.23763e-007
8.24469e-007
1.12084e-006
1.26584e-006
1.24136e-006
1.06789e-006
7.96499e-007
4.84997e-007
1.7146e-007
-1.37325e-007
-4.54076e-007
-7.843e-007
-1.10489e-006
-1.36568e-006
-1.51577e-006
-1.53849e-006
-1.47044e-006
-1.38894e-006
-1.37113e-006
-1.44697e-006
-1.57337e-006
-1.64587e-006
-1.54467e-006
-1.19377e-006
-6.05139e-007
1.13851e-007
7.94333e-007
1.26743e-006
1.42867e-006
1.28123e-006
9.43365e-007
6.1702e-007
5.27286e-007
8.51091e-007
1.65686e-006
2.87147e-006
4.28087e-006
5.56295e-006
6.34882e-006
6.30627e-006
5.23007e-006
3.11142e-006
1.55648e-007
-3.2668e-006
-6.72033e-006
-9.81046e-006
-1.22434e-005
-1.38067e-005
-1.42865e-005
-1.33862e-005
-1.07377e-005
-6.05867e-006
5.79095e-007
8.50837e-006
1.64284e-005
2.26751e-005
2.57422e-005
2.48338e-005
2.01834e-005
1.2973e-005
4.88872e-006
-2.47081e-006
-8.06373e-006
-1.1569e-005
-1.32358e-005
-1.35585e-005
-1.29734e-005
-1.17145e-005
-9.85275e-006
-7.44116e-006
-4.65217e-006
-1.82325e-006
6.05094e-007
2.21668e-006
2.74556e-006
2.14796e-006
6.01906e-007
-1.55027e-006
-3.88483e-006
-5.97546e-006
-7.4523e-006
-8.04014e-006
-7.58201e-006
-6.05365e-006
-3.56822e-006
-3.65576e-007
3.21936e-006
6.80697e-006
1.00304e-005
1.25841e-005
1.42519e-005
1.49154e-005
1.45498e-005
1.32176e-005
1.10606e-005
8.2894e-006
5.16441e-006
1.96862e-006
-1.02552e-006
-3.58987e-006
-5.56953e-006
-6.90137e-006
-7.61653e-006
-7.82292e-006
-7.66946e-006
-7.30162e-006
-6.82411e-006
-6.28515e-006
-5.68689e-006
-5.01445e-006
-4.26646e-006
-3.46891e-006
-2.6627e-006
-1.87208e-006
-1.07752e-006
-2.19566e-007
7.58364e-007
1.84967e-006
2.9475e-006
3.86282e-006
4.39692e-006
4.43244e-006
3.99403e-006
3.24569e-006
2.42583e-006
1.75128e-006
1.33455e-006
1.15124e-006
1.07118e-006
9.37473e-007
6.52462e-007
2.25177e-007
-2.44247e-007
-6.30826e-007
-8.59612e-007
-9.44412e-007
-9.7074e-007
-1.03882e-006
-1.20482e-006
-1.45463e-006
-1.72014e-006
-1.9205e-006
-1.99982e-006
-1.94205e-006
-1.76216e-006
-1.48689e-006
-1.13966e-006
-7.36871e-007
-2.93417e-007
1.70965e-007
6.31137e-007
1.06205e-006
1.44368e-006
1.75877e-006
1.98429e-006
2.08701e-006
2.03393e-006
1.81711e-006
1.47712e-006
1.10439e-006
8.09876e-007
6.77199e-007
7.22616e-007
8.84891e-007
1.04973e-006
1.09466e-006
9.3238e-007
5.35904e-007
-5.81573e-008
-7.61875e-007
-1.45579e-006
-2.01312e-006
-2.32918e-006
-2.35405e-006
-2.11723e-006
-1.72778e-006
-1.33921e-006
-1.0873e-006
-1.02849e-006
-1.11191e-006
-1.20338e-006
-1.1511e-006
-8.59013e-007
-3.30657e-007
3.36094e-007
9.9531e-007
1.51277e-006
1.80999e-006
1.87684e-006
1.7553e-006
1.50913e-006
1.19686e-006
8.59573e-007
5.24486e-007
2.1588e-007
-3.83977e-008
-2.11614e-007
-2.91018e-007
-2.88863e-007
-2.42468e-007
-2.01177e-007
-2.05179e-007
-2.64593e-007
-3.48192e-007
-3.90434e-007
-3.20402e-007
-1.04952e-007
2.14707e-007
5.18557e-007
6.49535e-007
4.9032e-007
3.85164e-008
-5.64352e-007
-1.07677e-006
-1.26432e-006
-1.02152e-006
-4.37683e-007
2.53044e-007
8.34694e-007
1.25547e-006

   Record Number: 4
   Aqu. Duration: 9.99424 ms
     Onset Delay: 0 ms
      No. Points: 244
    No. Averages: 500
   No. Artifacts: 0
      Start Time: Thu Feb 07 09:22

    SigGen Index: 9
       Variables: 
                  Level = 40 dB
                  Duration = 0.1 ms
                  Phase = 1 
                  Atten-A = 50 dB
-5.98326e-007
-1.28572e-006
-1.78569e-006
-2.04965e-006
-2.11456e-006
-2.0537e-006
-1.91884e-006
-1.71174e-006
-1.39902e-006
-9.55761e-007
-4.06247e-007
1.66489e-007
6.49939e-007
9.52309e-007
1.04335e-006
9.62802e-007
7.9362e-007
6.16716e-007
4.73082e-007
3.53498e-007
2.19778e-007
4.34421e-008
-1.61827e-007
-3.33342e-007
-3.8289e-007
-2.3908e-007
1.12388e-007
6.106e-007
1.13347e-006
1.53879e-006
1.71404e-006
1.61309e-006
1.26574e-006
7.61179e-007
2.17974e-007
-2.45648e-007
-5.34352e-007
-5.91393e-007
-4.09216e-007
-3.43208e-008
4.36499e-007
8.7179e-007
1.13416e-006
1.11765e-006
7.80968e-007
1.59506e-007
-6.54068e-007
-1.55347e-006
-2.46257e-006
-3.35213e-006
-4.21653e-006
-5.02063e-006
-5.64622e-006
-5.87298e-006
-5.41962e-006
-4.04621e-006
-1.68684e-006
1.4444e-006
4.83466e-006
7.77279e-006
9.54947e-006
9.68587e-006
8.09665e-006
5.11297e-006
1.34918e-006
-2.53019e-006
-6.03388e-006
-8.94418e-006
-1.12354e-005
-1.28483e-005
-1.34535e-005
-1.23741e-005
-8.78506e-006
-2.16288e-006
7.2044e-006
1.79355e-005
2.77319e-005
3.40351e-005
3.49312e-005
2.9903e-005
2.00745e-005
7.81862e-006
-4.09254e-006
-1.34126e-005
-1.90304e-005
-2.10572e-005
-2.0446e-005
-1.83994e-005
-1.58629e-005
-1.32986e-005
-1.07561e-005
-8.11501e-006
-5.33282e-006
-2.57547e-006
-2.01257e-007
1.36172e-006
1.77254e-006
9.0587e-007
-1.08585e-006
-3.7871e-006
-6.60157e-006
-8.87796e-006
-1.00457e-005
-9.72651e-006
-7.79733e-006
-4.4e-006
9.39073e-008
5.14948e-006
1.01565e-005
1.45307e-005
1.78126e-005
1.97374e-005
2.02515e-005
1.94723e-005
1.76106e-005
1.4899e-005
1.15592e-005
7.8119e-006
3.90635e-006
1.3116e-007
-3.2163e-006
-5.8943e-006
-7.78186e-006
-8.90708e-006
-9.42055e-006
-9.52598e-006
-9.40233e-006
-9.15345e-006
-8.80282e-006
-8.32521e-006
-7.68935e-006
-6.88614e-006
-5.9319e-006
-4.8546e-006
-3.6801e-006
-2.43153e-006
-1.14172e-006
1.32999e-007
1.31129e-006
2.30354e-006
3.04015e-006
3.49688e-006
3.70299e-006
3.72759e-006
3.65064e-006
3.53239e-006
3.39519e-006
3.22447e-006
2.98631e-006
2.65134e-006
2.21257e-006
1.68807e-006
1.10799e-006
4.95078e-007
-1.46907e-007
-8.25555e-007
-1.53498e-006
-2.22997e-006
-2.82028e-006
-3.19567e-006
-3.27186e-006
-3.03185e-006
-2.53729e-006
-1.90189e-006
-1.24144e-006
-6.27967e-007
-7.07586e-008
4.6843e-007
1.03664e-006
1.64817e-006
2.26112e-006
2.78406e-006
3.11053e-006
3.16569e-006
2.9427e-006
2.51094e-006
1.99077e-006
1.50615e-006
1.13586e-006
8.85271e-007
6.90917e-007
4.57007e-007
1.08136e-007
-3.66495e-007
-9.00327e-007
-1.37636e-006
-1.68104e-006
-1.75783e-006
-1.63343e-006
-1.40462e-006
-1.1944e-006
-1.10065e-006
-1.16267e-006
-1.35911e-006
-1.6317e-006
-1.91572e-006
-2.15737e-006
-2.31224e-006
-2.33415e-006
-2.16971e-006
-1.76759e-006
-1.10091e-006
-1.92689e-007
8.67951e-007
1.92935e-006
2.80493e-006
3.32091e-006
3.37091e-006
2.9572e-006
2.19914e-006
1.29939e-006
4.7712e-007
-1.05565e-007
-3.91418e-007
-4.28647e-007
-3.2669e-007
-1.93313e-007
-8.7895e-008
-1.30839e-008
5.87658e-008
1.48791e-007
2.50922e-007
3.37839e-007
3.83637e-007
3.8279e-007
3.50214e-007
3.03201e-007
2.40783e-007
1.38835e-007
-3.25726e-008
-2.81502e-007
-5.78879e-007
-8.71e-007
-1.11199e-006
-1.28721e-006
-1.40127e-006
-1.43554e-006
-1.31669e-006
-9.44959e-007
-2.87628e-007
5.2771e-007
1.22881e-006
1.57679e-006
1.55378e-006

   Record Number: 5
   Aqu. Duration: 9.99424 ms
     Onset Delay: 0 ms
      No. Points: 244
    No. Averages: 500
   No. Artifacts: 0
      Start Time: Thu Feb 07 09:22

    SigGen Index: 11
       Variables: 
                  Level = 50 dB
                  Duration = 0.1 ms
                  Phase = 1 
                  Atten-A = 40 dB
-2.61473e-008
-3.99597e-008
1.64317e-008
7.42014e-008
3.91918e-008
-1.5986e-007
-5.32816e-007
-1.01826e-006
-1.50352e-006
-1.8618e-006
-1.99016e-006
-1.83731e-006
-1.41629e-006
-8.003e-007
-1.01608e-007
5.62951e-007
1.10815e-006
1.50137e-006
1.75631e-006
1.90337e-006
1.95699e-006
1.90293e-006
1.71474e-006
1.38788e-006
9.66733e-007
5.43483e-007
2.24999e-007
8.42919e-008
1.24429e-007
2.77214e-007
4.39186e-007
5.25231e-007
5.09128e-007
4.27693e-007
3.46263e-007
3.05976e-007
2.84558e-007
1.95309e-007
-7.30412e-008
-5.97341e-007
-1.37549e-006
-2.32155e-006
-3.30171e-006
-4.18835e-006
-4.90013e-006
-5.40739e-006
-5.70524e-006
-5.77536e-006
-5.56059e-006
-4.9648e-006
-3.87588e-006
-2.20173e-006
8.94789e-008
2.92908e-006
6.1122e-006
9.27846e-006
1.19307e-005
1.35138e-005
1.35567e-005
1.18409e-005
8.52469e-006
4.14468e-006
-5.42205e-007
-4.82961e-006
-8.32144e-006
-1.10304e-005
-1.32289e-005
-1.51e-005
-1.63784e-005
-1.62237e-005
-1.34805e-005
-7.27475e-006
2.32364e-006
1.3934e-005
2.50576e-005
3.28274e-005
3.50271e-005
3.09291e-005
2.15752e-005
9.3785e-006
-2.75927e-006
-1.24169e-005
-1.83106e-005
-2.04273e-005
-1.96797e-005
-1.73244e-005
-1.44336e-005
-1.16188e-005
-9.0426e-006
-6.61904e-006
-4.24963e-006
-1.97399e-006
6.15924e-009
1.40173e-006
1.94911e-006
1.50778e-006
1.15387e-007
-2.00216e-006
-4.45764e-006
-6.76022e-006
-8.4005e-006
-8.9537e-006
-8.1776e-006
-6.07098e-006
-2.86617e-006
1.04494e-006
5.22021e-006
9.26483e-006
1.28801e-005
1.58576e-005
1.8043e-005
1.9306e-005
1.95378e-005
1.86739e-005
1.6724e-005
1.37892e-005
1.00617e-005
5.80903e-006
1.35275e-006
-2.95779e-006
-6.78014e-006
-9.82452e-006
-1.19055e-005
-1.29825e-005
-1.31697e-005
-1.27e-005
-1.18509e-005
-1.08566e-005
-9.84174e-006
-8.80449e-006
-7.65494e-006
-6.29015e-006
-4.66875e-006
-2.84882e-006
-9.7168e-007
7.95819e-007
2.3246e-006
3.55477e-006
4.4807e-006
5.10784e-006
5.4192e-006
5.38122e-006
4.98741e-006
4.30651e-006
3.49433e-006
2.75158e-006
2.24614e-006
2.04075e-006
2.06395e-006
2.13851e-006
2.05339e-006
1.64744e-006
8.7105e-007
-1.96673e-007
-1.37828e-006
-2.46101e-006
-3.26586e-006
-3.69627e-006
-3.75081e-006
-3.50127e-006
-3.05169e-006
-2.49853e-006
-1.90792e-006
-1.31519e-006
-7.39851e-007
-2.01869e-007
2.73956e-007
6.67847e-007
9.79314e-007
1.23108e-006
1.45582e-006
1.67391e-006
1.88019e-006
2.05197e-006
2.17199e-006
2.24596e-006
2.29637e-006
2.33496e-006
2.3369e-006
2.24313e-006
1.99701e-006
1.59288e-006
1.09952e-006
6.3579e-007
3.09543e-007
1.58118e-007
1.28717e-007
1.09692e-007
-9.27198e-009
-2.85466e-007
-7.07042e-007
-1.21411e-006
-1.73662e-006
-2.22322e-006
-2.64739e-006
-2.99563e-006
-3.2539e-006
-3.40549e-006
-3.4405e-006
-3.36552e-006
-3.20173e-006
-2.96953e-006
-2.67041e-006
-2.28092e-006
-1.76573e-006
-1.1035e-006
-3.10047e-007
5.55091e-007
1.40261e-006
2.14077e-006
2.70315e-006
3.06547e-006
3.24589e-006
3.2903e-006
3.25041e-006
3.16454e-006
3.04932e-006
2.90385e-006
2.72023e-006
2.49104e-006
2.20845e-006
1.85907e-006
1.42428e-006
8.91272e-007
2.68358e-007
-4.09213e-007
-1.09001e-006
-1.72656e-006
-2.28829e-006
-2.75655e-006
-3.10647e-006
-3.29368e-006
-3.26113e-006
-2.96584e-006
-2.4093e-006
-1.65126e-006
-7.97839e-007
2.96028e-008
7.28785e-007
1.23932e-006
1.5474e-006
1.67501e-006
1.66152e-006
1.5453e-006

   Record Number: 6
   Aqu. Duration: 9.99424 ms
     Onset Delay: 0 ms
      No. Points: 244
    No. Averages: 500
   No. Artifacts: 0
      Start Time: Thu Feb 07 09:22

    SigGen Index: 13
       Variables: 
                  Level = 60 dB
                  Duration = 0.1 ms
                  Phase = 1 
                  Atten-A = 30 dB
7.22407e-007
9.78102e-007
9.23486e-007
6.46608e-007
3.35396e-007
1.79306e-007
2.81631e-007
6.25742e-007
1.10023e-006
1.55718e-006
1.86907e-006
1.96117e-006
1.81745e-006
1.4724e-006
1.00063e-006
5.05403e-007
9.94147e-008
-1.24197e-007
-1.2111e-007
8.91492e-008
4.30089e-007
7.92727e-007
1.06621e-006
1.16413e-006
1.04136e-006
7.00443e-007
1.87907e-007
-4.19049e-007
-1.03329e-006
-1.58e-006
-2.01221e-006
-2.31401e-006
-2.49286e-006
-2.56824e-006
-2.5632e-006
-2.49918e-006
-2.38961e-006
-2.23057e-006
-1.99487e-006
-1.63998e-006
-1.13345e-006
-4.85758e-007
2.28828e-007
8.7848e-007
1.30828e-006
1.39138e-006
1.08073e-006
4.46822e-007
-3.12011e-007
-8.98479e-007
-9.89793e-007
-3.44994e-007
1.08505e-006
3.08946e-006
5.21012e-006
6.84882e-006
7.44483e-006
6.66456e-006
4.52933e-006
1.41992e-006
-2.06052e-006
-5.32116e-006
-8.01309e-006
-1.01306e-005
-1.19028e-005
-1.34999e-005
-1.46971e-005
-1.47117e-005
-1.23758e-005
-6.65185e-006
2.70876e-006
1.46899e-005
2.7013e-005
3.6712e-005
4.10994e-005
3.87351e-005
2.99793e-005
1.68864e-005
2.48739e-006
-1.02254e-005
-1.91912e-005
-2.37206e-005
-2.43811e-005
-2.24761e-005
-1.94046e-005
-1.6181e-005
-1.32608e-005
-1.06513e-005
-8.1737e-006
-5.71229e-006
-3.34483e-006
-1.32846e-006
1.14568e-008
4.16967e-007
-2.00865e-007
-1.71869e-006
-3.81274e-006
-6.01199e-006
-7.78031e-006
-8.61667e-006
-8.15762e-006
-6.2577e-006
-3.0223e-006
1.22063e-006
6.00076e-006
1.08085e-005
1.51852e-005
1.87759e-005
2.13408e-005
2.274e-005
2.29124e-005
2.1863e-005
1.96631e-005
1.64559e-005
1.24567e-005
7.94289e-006
3.22856e-006
-1.37118e-006
-5.57651e-006
-9.17065e-006
-1.2014e-005
-1.40466e-005
-1.52836e-005
-1.58067e-005
-1.57461e-005
-1.52528e-005
-1.44607e-005
-1.34549e-005
-1.22586e-005
-1.08454e-005
-9.17273e-006
-7.21888e-006
-5.00741e-006
-2.6112e-006
-1.38841e-007
2.2843e-006
4.52936e-006
6.47024e-006
7.99138e-006
9.00573e-006
9.48114e-006
9.45989e-006
9.05348e-006
8.40576e-006
7.63801e-006
6.80384e-006
5.87942e-006
4.79591e-006
3.49662e-006
1.98758e-006
3.53971e-007
-1.265e-006
-2.72638e-006
-3.92931e-006
-4.83261e-006
-5.43977e-006
-5.76559e-006
-5.8056e-006
-5.52498e-006
-4.87351e-006
-3.8211e-006
-2.39856e-006
-7.23487e-007
1.0053e-006
2.54785e-006
3.68542e-006
4.28089e-006
4.31289e-006
3.87102e-006
3.11735e-006
2.23407e-006
1.37987e-006
6.66693e-007
1.53475e-007
-1.54169e-007
-3.04273e-007
-3.9332e-007
-5.44993e-007
-8.69538e-007
-1.41493e-006
-2.13213e-006
-2.87578e-006
-3.44783e-006
-3.66972e-006
-3.45233e-006
-2.83056e-006
-1.94583e-006
-9.85022e-007
-1.05932e-007
6.15482e-007
1.19287e-006
1.69229e-006
2.17277e-006
2.63834e-006
3.02781e-006
3.24581e-006
3.21386e-006
2.91055e-006
2.37942e-006
1.70507e-006
9.75225e-007
2.5166e-007
-4.36178e-007
-1.0759e-006
-1.64979e-006
-2.12286e-006
-2.44972e-006
-2.59389e-006
-2.5448e-006
-2.32165e-006
-1.96474e-006
-1.52233e-006
-1.03948e-006
-5.50257e-007
-7.28747e-008
3.89739e-007
8.40241e-007
1.26923e-006
1.6394e-006
1.88533e-006
1.93614e-006
1.75264e-006
1.35823e-006
8.43399e-007
3.3769e-007
-3.91132e-008
-2.24347e-007
-2.36592e-007
-1.64532e-007
-1.23348e-007
-1.96952e-007
-3.93746e-007
-6.39983e-007
-8.17183e-007
-8.26763e-007
-6.48522e-007
-3.59478e-007
-9.7125e-008
2.03467e-008
-2.34259e-008
-1.11424e-007
-5.17019e-008
2.89722e-007
8.94354e-007

   Record Number: 7
   Aqu. Duration: 9.99424 ms
     Onset Delay: 0 ms
      No. Points: 244
    No. Averages: 500
   No. Artifacts: 0
      Start Time: Thu Feb 07 09:23

    SigGen Index: 15
       Variables: 
                  Level = 70 dB
                  Duration = 0.1 ms
                  Phase = 1 
                  Atten-A = 20 dB
-9.63136e-007
-1.91477e-006
-2.80507e-006
-3.47148e-006
-3.7999e-006
-3.74145e-006
-3.31207e-006
-2.58456e-006
-1.67505e-006
-7.19197e-007
1.64166e-007
9.09832e-007
1.52098e-006
2.04661e-006
2.5315e-006
2.9708e-006
3.30096e-006
3.43436e-006
3.31586e-006
2.96564e-006
2.48132e-006
1.99623e-006
1.61591e-006
1.36672e-006
1.18378e-006
9.44748e-007
5.33773e-007
-9.44094e-008
-8.80809e-007
-1.67652e-006
-2.30058e-006
-2.61599e-006
-2.58896e-006
-2.30354e-006
-1.92366e-006
-1.61953e-006
-1.49262e-006
-1.53522e-006
-1.64425e-006
-1.68241e-006
-1.55718e-006
-1.27904e-006
-9.69911e-007
-8.14931e-007
-9.75823e-007
-1.50069e-006
-2.26824e-006
-2.99228e-006
-3.28976e-006
-2.79341e-006
-1.27618e-006
1.24552e-006
4.45714e-006
7.76124e-006
1.03793e-005
1.15419e-005
1.07368e-005
7.93453e-006
3.68089e-006
-1.0343e-006
-5.13083e-006
-7.88389e-006
-9.24521e-006
-9.84561e-006
-1.0626e-005
-1.2238e-005
-1.45032e-005
-1.62348e-005
-1.55915e-005
-1.08808e-005
-1.48805e-006
1.15169e-005
2.54437e-005
3.67803e-005
4.2432e-005
4.08705e-005
3.26793e-005
2.02569e-005
6.83489e-006
-4.72248e-006
-1.2803e-005
-1.72802e-005
-1.91032e-005
-1.95485e-005
-1.95459e-005
-1.93755e-005
-1.87903e-005
-1.73927e-005
-1.50044e-005
-1.18334e-005
-8.39558e-006
-5.29131e-006
-2.98533e-006
-1.69526e-006
-1.40179e-006
-1.92393e-006
-2.98802e-006
-4.25614e-006
-5.33154e-006
-5.78378e-006
-5.21975e-006
-3.38463e-006
-2.46862e-007
3.97444e-006
8.85005e-006
1.38275e-005
1.83317e-005
2.18544e-005
2.40245e-005
2.46491e-005
2.37215e-005
2.13901e-005
1.79032e-005
1.35531e-005
8.64545e-006
3.49593e-006
-1.56647e-006
-6.216e-006
-1.01737e-005
-1.32564e-005
-1.53993e-005
-1.66359e-005
-1.70509e-005
-1.67384e-005
-1.57877e-005
-1.4296e-005
-1.23837e-005
-1.01935e-005
-7.86939e-006
-5.53122e-006
-3.26243e-006
-1.11514e-006
8.74471e-007
2.672e-006
4.23768e-006
5.52544e-006
6.48562e-006
7.07062e-006
7.2445e-006
6.99692e-006
6.35848e-006
5.41077e-006
4.28263e-006
3.12715e-006
2.08381e-006
1.24067e-006
6.14777e-007
1.60062e-007
-2.0227e-007
-5.46128e-007
-9.11598e-007
-1.29453e-006
-1.65592e-006
-1.94449e-006
-2.12072e-006
-2.16973e-006
-2.09665e-006
-1.90855e-006
-1.59682e-006
-1.13557e-006
-5.01492e-007
2.94217e-007
1.181e-006
2.02804e-006
2.67189e-006
2.96371e-006
2.81896e-006
2.25192e-006
1.38199e-006
4.05584e-007
-4.61447e-007
-1.05401e-006
-1.31448e-006
-1.31026e-006
-1.19963e-006
-1.15569e-006
-1.28178e-006
-1.56021e-006
-1.86199e-006
-2.01287e-006
-1.88051e-006
-1.43736e-006
-7.69433e-007
-3.20006e-008
6.20694e-007
1.09571e-006
1.38543e-006
1.54893e-006
1.66408e-006
1.77551e-006
1.86575e-006
1.86576e-006
1.70022e-006
1.34152e-006
8.38989e-007
3.03211e-007
-1.45782e-007
-4.35259e-007
-5.68859e-007
-6.15317e-007
-6.68371e-007
-8.0151e-007
-1.03778e-006
-1.34369e-006
-1.64558e-006
-1.85968e-006
-1.92313e-006
-1.81342e-006
-1.55001e-006
-1.18122e-006
-7.66728e-007
-3.6534e-007
-2.92852e-008
2.01749e-007
3.13771e-007
3.35678e-007
3.46059e-007
4.54261e-007
7.54374e-007
1.27099e-006
1.92707e-006
2.55679e-006
2.96342e-006
2.99706e-006
2.61501e-006
1.89545e-006
9.99628e-007
1.04454e-007
-6.58614e-007
-1.23066e-006
-1.6138e-006
-1.839e-006
-1.93758e-006
-1.92977e-006
-1.82692e-006
-1.63575e-006
-1.35827e-006
-9.91803e-007
-5.37318e-007
-1.54545e-008
5.23642e-007
1.01435e-006
1.41434e-006
1.73293e-006

   Record Number: 8
   Aqu. Duration: 9.99424 ms
     Onset Delay: 0 ms
      No. Points: 244
    No. Averages: 500
   No. Artifacts: 0
      Start Time: Thu Feb 07 09:23

    SigGen Index: 17
       Variables: 
                  Level = 80 dB
                  Duration = 0.1 ms
                  Phase = 1 
                  Atten-A = 10 dB
-1.94032e-006
-2.86401e-006
-3.25597e-006
-3.04775e-006
-2.367e-006
-1.45515e-006
-5.58631e-007
1.52658e-007
6.15752e-007
8.56838e-007
9.44794e-007
9.41873e-007
8.74618e-007
7.36426e-007
5.16556e-007
2.36218e-007
-3.23192e-008
-1.79864e-007
-1.06026e-007
2.24993e-007
7.50406e-007
1.32082e-006
1.75797e-006
1.9303e-006
1.80536e-006
1.45084e-006
9.87383e-007
5.24842e-007
1.2061e-007
-2.2139e-007
-5.21963e-007
-7.97101e-007
-1.0508e-006
-1.29073e-006
-1.54657e-006
-1.86809e-006
-2.2958e-006
-2.81947e-006
-3.35323e-006
-3.75196e-006
-3.87261e-006
-3.65488e-006
-3.1737e-006
-2.61907e-006
-2.19183e-006
-1.95599e-006
-1.72887e-006
-1.08973e-006
4.62351e-007
3.24958e-006
7.16868e-006
1.15838e-005
1.54376e-005
1.75668e-005
1.71089e-005
1.3833e-005
8.24124e-006
1.38046e-006
-5.56828e-006
-1.17394e-005
-1.68536e-005
-2.11594e-005
-2.50477e-005
-2.8516e-005
-3.07709e-005
-3.02371e-005
-2.50788e-005
-1.40913e-005
2.4077e-006
2.21309e-005
4.11391e-005
5.49325e-005
5.99624e-005
5.49576e-005
4.14699e-005
2.33461e-005
5.31127e-006
-8.73166e-006
-1.69456e-005
-1.9835e-005
-1.95252e-005
-1.84874e-005
-1.83687e-005
-1.94475e-005
-2.08538e-005
-2.13017e-005
-1.98797e-005
-1.65118e-005
-1.19368e-005
-7.31763e-006
-3.73347e-006
-1.80217e-006
-1.55889e-006
-2.57301e-006
-4.18773e-006
-5.75002e-006
-6.74866e-006
-6.85039e-006
-5.87609e-006
-3.76862e-006
-5.81275e-007
3.5146e-006
8.22189e-006
1.3129e-005
1.77486e-005
2.158e-005
2.41828e-005
2.52478e-005
2.46516e-005
2.24828e-005
1.90301e-005
1.47258e-005
1.00529e-005
5.43915e-006
1.17327e-006
-2.62765e-006
-5.98944e-006
-9.00312e-006
-1.17315e-005
-1.414e-005
-1.60809e-005
-1.73381e-005
-1.77087e-005
-1.70858e-005
-1.55068e-005
-1.31526e-005
-1.03061e-005
-7.28947e-006
-4.40005e-006
-1.85586e-006
2.38632e-007
1.89733e-006
3.22161e-006
4.33988e-006
5.33906e-006
6.21839e-006
6.88833e-006
7.21641e-006
7.09708e-006
6.51161e-006
5.55021e-006
4.38939e-006
3.23694e-006
2.26785e-006
1.57389e-006
1.14169e-006
8.65402e-007
5.90044e-007
1.71884e-007
-4.6616e-007
-1.3069e-006
-2.25018e-006
-3.15423e-006
-3.88276e-006
-4.33522e-006
-4.4539e-006
-4.21812e-006
-3.6396e-006
-2.76432e-006
-1.6751e-006
-4.85718e-007
6.76934e-007
1.69714e-006
2.49035e-006
3.01088e-006
3.24711e-006
3.21145e-006
2.93432e-006
2.46619e-006
1.8831e-006
1.28563e-006
7.83424e-007
4.65637e-007
3.67475e-007
4.48184e-007
5.94581e-007
6.55487e-007
4.98818e-007
6.98512e-008
-5.76223e-007
-1.28672e-006
-1.86877e-006
-2.16897e-006
-2.1392e-006
-1.8559e-006
-1.48196e-006
-1.18885e-006
-1.07761e-006
-1.13647e-006
-1.25293e-006
-1.27074e-006
-1.06382e-006
-5.94797e-007
6.48554e-008
7.61106e-007
1.31931e-006
1.61559e-006
1.62521e-006
1.42483e-006
1.14835e-006
9.20378e-007
8.02474e-007
7.79167e-007
7.85877e-007
7.57103e-007
6.64525e-007
5.26107e-007
3.87713e-007
2.92919e-007
2.57786e-007
2.6011e-007
2.45387e-007
1.47566e-007
-8.10511e-008
-4.41585e-007
-8.76781e-007
-1.28675e-006
-1.56976e-006
-1.66816e-006
-1.59183e-006
-1.40293e-006
-1.17178e-006
-9.34713e-007
-6.83437e-007
-3.90707e-007
-4.99145e-008
3.02138e-007
5.95111e-007
7.60212e-007
7.68906e-007
6.54242e-007
5.03752e-007
4.25223e-007
4.97774e-007
7.28311e-007
1.03437e-006
1.26659e-006
1.26875e-006
9.54594e-007
3.6502e-007
-3.34187e-007
-9.33269e-007
-1.30507e-006
-1.47309e-006

   Record Number: 9
   Aqu. Duration: 9.99424 ms
     Onset Delay: 0 ms
      No. Points: 244
    No. Averages: 500
   No. Artifacts: 0
      Start Time: Thu Feb 07 09:24

    SigGen Index: 19
       Variables: 
                  Level = 90 dB
                  Duration = 0.1 ms
                  Phase = 1 
                  Atten-A = 0 dB
1.82082e-006
2.40118e-006
2.68768e-006
2.59764e-006
2.15579e-006
1.47852e-006
7.3233e-007
8.49548e-008
-3.37791e-007
-4.81574e-007
-3.74809e-007
-1.18741e-007
1.43913e-007
2.76042e-007
1.94959e-007
-9.64676e-008
-5.11639e-007
-9.16281e-007
-1.18338e-006
-1.24241e-006
-1.10169e-006
-8.36174e-007
-5.50124e-007
-3.34301e-007
-2.36854e-007
-2.56429e-007
-3.53633e-007
-4.70912e-007
-5.5282e-007
-5.63781e-007
-5.02421e-007
-4.08977e-007
-3.58994e-007
-4.38363e-007
-7.04174e-007
-1.1487e-006
-1.68972e-006
-2.20081e-006
-2.57256e-006
-2.77298e-006
-2.86883e-006
-2.98432e-006
-3.20446e-006
-3.46219e-006
-3.46846e-006
-2.74153e-006
-7.61873e-007
2.77591e-006
7.70446e-006
1.32469e-005
1.81117e-005
2.08455e-005
2.03438e-005
1.63138e-005
9.46382e-006
1.28229e-006
-6.54521e-006
-1.28349e-005
-1.73699e-005
-2.08472e-005
-2.4263e-005
-2.80146e-005
-3.12156e-005
-3.16993e-005
-2.68662e-005
-1.50735e-005
3.10448e-006
2.44488e-005
4.38623e-005
5.61092e-005
5.77993e-005
4.87233e-005
3.19229e-005
1.24647e-005
-4.51171e-006
-1.55996e-005
-2.00318e-005
-1.94097e-005
-1.6537e-005
-1.40043e-005
-1.31811e-005
-1.39751e-005
-1.52956e-005
-1.58543e-005
-1.48575e-005
-1.23015e-005
-8.83481e-006
-5.36603e-006
-2.66707e-006
-1.14736e-006
-8.29962e-007
-1.44855e-006
-2.56198e-006
-3.63795e-006
-4.12396e-006
-3.54478e-006
-1.63368e-006
1.54787e-006
5.57152e-006
9.73153e-006
1.325e-005
1.55256e-005
1.63236e-005
1.58281e-005
1.45301e-005
1.30002e-005
1.16418e-005
1.05341e-005
9.43619e-006
7.94376e-006
5.71863e-006
2.67319e-006
-9.77205e-007
-4.80704e-006
-8.3568e-006
-1.12959e-005
-1.34968e-005
-1.5e-005
-1.59089e-005
-1.62807e-005
-1.60742e-005
-1.51751e-005
-1.34759e-005
-1.09634e-005
-7.76463e-006
-4.13235e-006
-3.82719e-007
3.18346e-006
6.34038e-006
8.9568e-006
1.09744e-005
1.23638e-005
1.30894e-005
1.31085e-005
1.24108e-005
1.10739e-005
9.29057e-006
7.33899e-006
5.49673e-006
3.94297e-006
2.70141e-006
1.65364e-006
6.11492e-007
-5.92721e-007
-2.04013e-006
-3.70424e-006
-5.4698e-006
-7.17161e-006
-8.63379e-006
-9.69873e-006
-1.02446e-005
-1.01955e-005
-9.5302e-006
-8.29271e-006
-6.60234e-006
-4.65127e-006
-2.6766e-006
-9.04135e-007
5.18964e-007
1.57087e-006
2.3518e-006
3.02439e-006
3.7226e-006
4.47477e-006
5.18135e-006
5.66061e-006
5.74025e-006
5.35036e-006
4.57199e-006
3.61679e-006
2.74545e-006
2.162e-006
1.93295e-006
1.96802e-006
2.06866e-006
2.01736e-006
1.6642e-006
9.73304e-007
1.65864e-008
-1.07133e-006
-2.14794e-006
-3.1005e-006
-3.85607e-006
-4.37162e-006
-4.6204e-006
-4.5856e-006
-4.26217e-006
-3.66131e-006
-2.81412e-006
-1.77486e-006
-6.24481e-007
5.29389e-007
1.56361e-006
2.36558e-006
2.86593e-006
3.05946e-006
2.99783e-006
2.75576e-006
2.39212e-006
1.932e-006
1.3794e-006
7.46216e-007
7.23832e-008
-5.77117e-007
-1.13222e-006
-1.53714e-006
-1.75745e-006
-1.77723e-006
-1.59684e-006
-1.23785e-006
-7.5133e-007
-2.18989e-007
2.60969e-007
6.01847e-007
7.58853e-007
7.46005e-007
6.28471e-007
4.91639e-007
4.01557e-007
3.77194e-007
3.88985e-007
3.83587e-007
3.20065e-007
1.96432e-007
5.14288e-008
-5.89404e-008
-9.61566e-008
-6.54162e-008
-1.85164e-008
-3.04794e-008
-1.60164e-007
-4.14072e-007
-7.32599e-007
-1.00757e-006
-1.12392e-006
-1.00609e-006
-6.48876e-007
-1.22437e-007
4.4538e-007
8.98943e-007
1.0898e-006
9.16468e-007
3.6425e-007
-4.91105e-007

